[gd_scene load_steps=10 format=3 uid="uid://dd147onvpx8hs"]

[ext_resource type="PackedScene" uid="uid://c8856y456xj6i" path="res://Objects/Gameplay/Player.tscn" id="1_inlal"]
[ext_resource type="Script" uid="uid://d24s1gtlcr10k" path="res://Rooms/gameplay.gd" id="1_vrd06"]
[ext_resource type="PackedScene" uid="uid://cbhs7vlfnewsd" path="res://Objects/Gameplay/CharacterPosition.tscn" id="3_blq5q"]
[ext_resource type="Texture2D" uid="uid://cl1e2002qfk7u" path="res://Assets/Blocking/ASSET_GRID.png" id="3_f2nm2"]
[ext_resource type="Texture2D" uid="uid://o5ggo3008fn8" path="res://Assets/puggos.png" id="5_4w8ll"]

[sub_resource type="ProceduralSkyMaterial" id="ProceduralSkyMaterial_inlal"]
sky_horizon_color = Color(0.662243, 0.671743, 0.686743, 1)
ground_horizon_color = Color(0.662243, 0.671743, 0.686743, 1)

[sub_resource type="Sky" id="Sky_vrd06"]
sky_material = SubResource("ProceduralSkyMaterial_inlal")

[sub_resource type="Environment" id="Environment_k2aq1"]
background_mode = 2
sky = SubResource("Sky_vrd06")
ambient_light_source = 1
tonemap_mode = 2
glow_enabled = true

[sub_resource type="StandardMaterial3D" id="StandardMaterial3D_4w8ll"]
albedo_texture = ExtResource("3_f2nm2")
uv1_triplanar = true

[node name="Gameplay" type="Node3D" groups=["Gameplay"]]
script = ExtResource("1_vrd06")

[node name="WorldEnvironment" type="WorldEnvironment" parent="."]
environment = SubResource("Environment_k2aq1")

[node name="Player" parent="." instance=ExtResource("1_inlal")]
transform = Transform3D(1, 0, 0, 0, 1, 0, 0, 0, 1, 0, 2, 0)

[node name="CSGCombiner3D" type="CSGCombiner3D" parent="."]
material_override = SubResource("StandardMaterial3D_4w8ll")

[node name="CSGBox3D2" type="CSGBox3D" parent="CSGCombiner3D"]
transform = Transform3D(0.5, 0, 0, 0, 0.5, 0, 0, 0, 0.5, 0, -1, 0)
size = Vector3(4, 4, 4)

[node name="Cameras" type="SubViewport" parent="." groups=["Gameplay"]]

[node name="Camera3D" type="Camera3D" parent="Cameras"]
transform = Transform3D(-0.7287894, 0, -0.6847379, 0, 1, 0, 0.6847379, 0, -0.7287894, -9.121152, 4, -10.2719755)

[node name="Pebble" parent="Cameras/Camera3D" instance=ExtResource("3_blq5q")]
transform = Transform3D(-0.7287894, 0, 0.6847379, 0, 1, 0, -0.6847379, 0, -0.7287894, -0.5334997, 0, -4.5147085)
character = 1

[node name="Camera3D2" type="Camera3D" parent="Cameras"]
transform = Transform3D(-0.99784636, 0, -0.0655947, 0, 1, 0, 0.0655947, 0, -0.99784636, -1.614543, 4, -15.273943)

[node name="Pebble" parent="Cameras/Camera3D2" instance=ExtResource("3_blq5q")]
transform = Transform3D(-0.99784636, 0, 0.0655947, 0, 1, 0, -0.0655947, 0, -0.99784636, 0.34054524, 0, -2.9088907)
character = 1
id = 1

[node name="Camera3D3" type="Camera3D" parent="Cameras"]
transform = Transform3D(-0.7930876, 0, 0.60910755, 0, 1, 0, -0.60910755, 0, -0.7930876, 11.56132, 4, -10.2719755)

[node name="Pebble" parent="Cameras/Camera3D3" instance=ExtResource("3_blq5q")]
transform = Transform3D(-0.99784636, 0, 0.0655947, 0, 1, 0, -0.0655947, 0, -0.99784636, 0.34054524, 0, -2.9088907)
character = 1
id = 1

[node name="Camera3D4" type="Camera3D" parent="Cameras"]
transform = Transform3D(0.23755038, 0, 0.9713752, 0, 1, 0, -0.9713752, 0, 0.23755038, 12.478322, 4, -18.249166)

[node name="Camera3D5" type="Camera3D" parent="Cameras"]
transform = Transform3D(-0.09317008, 0, -0.9956503, 0, 1, 0, 0.9956503, 0, -0.09317008, -17.749584, 4, -18.249166)

[node name="Camera3D6" type="Camera3D" parent="Cameras"]
transform = Transform3D(-0.09317008, 0, -0.9956503, 0, 1, 0, 0.9956503, 0, -0.09317008, -17.749584, 4, -5.1377506)

[node name="Camera3D7" type="Camera3D" parent="Cameras"]
transform = Transform3D(0.582577, 0, -0.8127756, 0, 1, 0, 0.8127756, 0, 0.582577, -12.294263, 4, -0.8668914)

[node name="Sprite3D" type="Sprite3D" parent="."]
transform = Transform3D(8, 0, 0, 0, -3.496911e-07, 8, 0, -8, -3.496911e-07, -2, -2, 0)
texture = ExtResource("5_4w8ll")
