[gd_scene load_steps=12 format=3 uid="uid://dd147onvpx8hs"]

[ext_resource type="PackedScene" uid="uid://c8856y456xj6i" path="res://Objects/Gameplay/Player.tscn" id="1_inlal"]
[ext_resource type="Script" uid="uid://d24s1gtlcr10k" path="res://Rooms/gameplay.gd" id="1_vrd06"]
[ext_resource type="PackedScene" uid="uid://c6g6ekq7skhxh" path="res://Rooms/Map.tscn" id="3_4w8ll"]
[ext_resource type="PackedScene" uid="uid://cbhs7vlfnewsd" path="res://Objects/Gameplay/CharacterPosition.tscn" id="3_blq5q"]
[ext_resource type="PackedScene" uid="uid://cijl1rchtpts" path="res://Objects/Gameplay/Characters/Pomni/Pomni.tscn" id="3_k5nrd"]
[ext_resource type="PackedScene" uid="uid://bih4hs3qjmnq7" path="res://Objects/Gameplay/Characters/Sleepy/Sleepy.tscn" id="6_52vuk"]
[ext_resource type="PackedScene" uid="uid://bgfbjixt63hhq" path="res://Objects/Gameplay/Characters/Prototype/Prototype.tscn" id="6_k5nrd"]
[ext_resource type="Script" uid="uid://cmed23elrd3w2" path="res://Rooms/hallway.gd" id="6_tk5m8"]

[sub_resource type="BoxShape3D" id="BoxShape3D_52vuk"]
size = Vector3(9.055527, 6.9594727, 15.804199)

[sub_resource type="BoxShape3D" id="BoxShape3D_tk5m8"]
size = Vector3(9.055527, 6.9594727, 15.296875)

[sub_resource type="BoxShape3D" id="BoxShape3D_k5nrd"]
size = Vector3(9.055527, 6.9594727, 21.805298)

[node name="Gameplay" type="Node3D" groups=["Gameplay"]]
script = ExtResource("1_vrd06")

[node name="Player" parent="." instance=ExtResource("1_inlal")]
transform = Transform3D(1, 0, 0, 0, 1, 0, 0, 0, 1, 0, 3, 5)

[node name="LIGHTS_SECURITY" type="SpotLight3D" parent="."]
transform = Transform3D(1, 0, 0, 0, 0.38973472, 0.920927, 0, -0.920927, 0.38973472, 0, 7.668746, 5.5370474)
visible = false
light_color = Color(1, 0.80266666, 0.63, 1)
light_energy = 2.0
shadow_enabled = true
spot_range = 20.0
spot_attenuation = -0.1
spot_angle = 66.81

[node name="LIGHTS_SECURITY2" type="OmniLight3D" parent="."]
transform = Transform3D(1, 0, 0, 0, 1, 0, 0, 0, 1, 0, 6.668746, 0.5370474)
light_color = Color(1, 0.80266666, 0.63, 1)
light_energy = 0.5
shadow_enabled = true
omni_range = 17.0

[node name="DOORSHADE" type="SpotLight3D" parent="."]
transform = Transform3D(1, 0, 0, 0, 1, 0, 0, 0, 1, 0, 3, -22)
light_color = Color(1, 0.8986667, 0.81, 1)
light_energy = 16.0
light_negative = true
shadow_enabled = true
spot_range = 16.0
spot_angle = 89.0

[node name="DOORSHADE4" type="OmniLight3D" parent="."]
transform = Transform3D(1, 0, 0, 0, 1, 0, 0, 0, 1, -4, 3, 20)
light_color = Color(1, 0.8986667, 0.81, 1)
light_energy = 3.0
light_negative = true
shadow_enabled = true
omni_range = 4.0

[node name="DOORSHADE2" type="SpotLight3D" parent="."]
transform = Transform3D(0.70710677, 0, -0.70710677, 0, 1, 0, 0.70710677, 0, 0.70710677, 16, 3, -11)
light_color = Color(1, 0.8986667, 0.81, 1)
light_energy = 16.0
light_negative = true
shadow_enabled = true
spot_range = 30.0
spot_angle = 89.0

[node name="DOORSHADE3" type="SpotLight3D" parent="."]
transform = Transform3D(0.70710677, 0, 0.7071069, 0, 1, 0, -0.7071069, 0, 0.70710677, -16, 3, -11)
light_color = Color(1, 0.8986667, 0.81, 1)
light_energy = 16.0
light_negative = true
shadow_enabled = true
spot_range = 30.0
spot_angle = 89.0

[node name="Cameras" type="SubViewport" parent="."]
own_world_3d = true
size = Vector2i(1920, 1080)

[node name="Cams" type="Node3D" parent="Cameras" groups=["Cameras"]]

[node name="1_CENTRE" type="Camera3D" parent="Cameras/Cams"]
transform = Transform3D(-0.8067072, 0.496109, -0.32109103, 0.14224434, 0.69038457, 0.70932066, 0.5735766, 0.5265407, -0.62750685, -11.614543, 7.0000005, -40.07394)
fov = 99.8

[node name="2_LEFT" type="Camera3D" parent="Cameras/Cams"]
transform = Transform3D(0.8660254, -0.25000003, 0.43301266, -0.12940952, 0.7244444, 0.6770772, -0.4829629, -0.64240205, 0.59503484, -20.92115, 6.3, -12.971977)
fov = 108.8

[node name="3_RIGHT" type="Camera3D" parent="Cameras/Cams"]
transform = Transform3D(0.6622824, -0.3849314, 0.64281404, -0.07939508, 0.8170534, 0.5710694, -0.7450359, -0.4292455, 0.5105584, 29.86132, 6.2999997, -13.2719755)

[node name="4_VENTS" type="Camera3D" parent="Cameras/Cams"]
transform = Transform3D(0.81979895, 0.036833666, -0.57146573, 0.21351548, 0.9063078, 0.36471546, 0.53135765, -0.4210101, 0.7351256, -38.649582, 4.8, 21.46225)

[node name="5_ENTERTAINMENT" type="Camera3D" parent="Cameras/Cams"]
transform = Transform3D(0.4225012, -0.41804215, 0.80419743, 0.03812411, 0.89469177, 0.44505417, -0.90556026, -0.1573766, 0.3939458, 4.250416, 6, -47.24917)
fov = 105.8

[node name="6_REPAIRS" type="Camera3D" parent="Cameras/Cams"]
transform = Transform3D(-0.6588776, -0.1982669, 0.72565186, -0.005682181, 0.9659259, 0.25875667, -0.7522288, 0.1663657, -0.63755345, 38.17832, 6, -66.24917)
fov = 87.9

[node name="7_POMNI" type="Camera3D" parent="Cameras/Cams"]
transform = Transform3D(-0.6588776, -0.1982669, 0.72565186, -0.005682181, 0.9659259, 0.25875667, -0.7522288, 0.1663657, -0.63755345, -26.821678, 12, 9.750832)
fov = 87.9

[node name="map" parent="Cameras" instance=ExtResource("3_4w8ll")]

[node name="LIGHTS_LEFT" type="OmniLight3D" parent="Cameras"]
transform = Transform3D(1, 0, 0, 0, 1, 0, 0, 0, 1, -24, 6, -19)
light_color = Color(1, 0.8986667, 0.81, 1)
light_energy = 3.0
omni_range = 15.0

[node name="LIGHTS_RIGHT" type="OmniLight3D" parent="Cameras"]
transform = Transform3D(1, 0, 0, 0, 1, 0, 0, 0, 1, 24, 6, -19)
light_color = Color(1, 0.8986667, 0.81, 1)
light_energy = 3.0
omni_range = 15.0

[node name="LIGHTS_CENTRE" type="OmniLight3D" parent="Cameras"]
transform = Transform3D(1, 0, 0, 0, 1, 0, 0, 0, 1, 11, 6, -34)
light_color = Color(1, 0.8986667, 0.81, 1)
light_energy = 3.0
omni_range = 51.0

[node name="LIGHTS_CENTRE2" type="OmniLight3D" parent="Cameras"]
transform = Transform3D(1, 0, 0, 0, 1, 0, 0, 0, 1, -11, 6, -34)
light_color = Color(1, 0.8986667, 0.81, 1)
light_energy = 3.0
omni_range = 51.0

[node name="LIGHTS_VENTS" type="OmniLight3D" parent="Cameras"]
transform = Transform3D(1, 0, 0, 0, 1, 0, 0, 0, 1, -38, 4, 21)
light_color = Color(1, 0.8986667, 0.81, 1)
light_energy = 3.0
omni_range = 41.0

[node name="LIGHTS_ENTER_STAND" type="OmniLight3D" parent="Cameras"]
transform = Transform3D(1, 0, 0, 0, 1, 0, 0, 0, 1, -16, 4, -57)
light_color = Color(1, 0.8986667, 0.81, 1)
light_energy = 3.0
omni_range = 60.0

[node name="LIGHTS_ENTER_STAND2" type="OmniLight3D" parent="Cameras"]
transform = Transform3D(1, 0, 0, 0, 1, 0, 0, 0, 1, -9, 4, -57)
light_color = Color(1, 0.8986667, 0.81, 1)
light_energy = 3.0
omni_range = 60.0

[node name="LIGHTS_REPAIR" type="OmniLight3D" parent="Cameras"]
transform = Transform3D(1, 0, 0, 0, 1, 0, 0, 0, 1, 34, 5, -62)
light_color = Color(1, 0.8986667, 0.81, 1)
light_energy = 3.0
omni_range = 18.0

[node name="Pomni" parent="Cameras" instance=ExtResource("3_k5nrd")]
transform = Transform3D(1, 0, 0, 0, 1, 0, 0, 0, 1, -44, 10, 33)

[node name="CSGCombiner3D" parent="." instance=ExtResource("3_4w8ll")]

[node name="SleepyPositions" type="Node3D" parent="."]

[node name="CharacterPosition" parent="SleepyPositions" instance=ExtResource("3_blq5q")]
transform = Transform3D(0.70710677, 0, 0.70710677, 0, 1, 0, -0.70710677, 0, 0.70710677, 37, 3, -57)

[node name="CharacterPosition2" parent="SleepyPositions" instance=ExtResource("3_blq5q")]
transform = Transform3D(0.8660254, 0, -0.5, 0, 1, 0, 0.5, 0, 0.8660254, 22, 3, -24)
id = 1

[node name="CharacterPosition3" parent="SleepyPositions" instance=ExtResource("3_blq5q")]
transform = Transform3D(0.25881907, 0, -0.9659258, 0, 1, 0, 0.9659258, 0, 0.25881907, 6, 3, -35)
id = 2

[node name="CharacterPosition7" parent="SleepyPositions" instance=ExtResource("3_blq5q")]
transform = Transform3D(0.8660254, 0, 0.5, 0, 1, 0, -0.5, 0, 0.8660254, -31, 3, -18)
id = 3

[node name="CharacterPosition4" parent="SleepyPositions" instance=ExtResource("3_blq5q")]
transform = Transform3D(1, 0, 0, 0, 1, 0, 0, 0, 1, 0, 3, -12)
id = 4

[node name="CharacterPosition5" parent="SleepyPositions" instance=ExtResource("3_blq5q")]
transform = Transform3D(0.49999997, 0, -0.86602545, 0, 1, 0, 0.86602545, 0, 0.49999997, 16, 3, -11.4)
id = 5

[node name="CharacterPosition6" parent="SleepyPositions" instance=ExtResource("3_blq5q")]
transform = Transform3D(0.25881907, 0, 0.9659258, 0, 1, 0, -0.9659258, 0, 0.25881907, -13, 3, -8.1)
id = 6

[node name="Characters" type="Node3D" parent="."]

[node name="Sleepy" parent="Characters" instance=ExtResource("6_52vuk")]

[node name="Prototype" parent="Characters" instance=ExtResource("6_k5nrd")]

[node name="Area3D" type="Area3D" parent="." groups=["Hallway"]]
transform = Transform3D(0.70710677, 0, 0.70710677, 0, 1, 0, -0.70710677, 0, 0.70710677, -8, 0, -2.655516)
script = ExtResource("6_tk5m8")

[node name="CollisionShape3D" type="CollisionShape3D" parent="Area3D"]
transform = Transform3D(1, 0, 0, 0, 1, 0, 0, 0, 1, 0.39395118, 2.5935059, -7.4020996)
shape = SubResource("BoxShape3D_52vuk")

[node name="Area3D3" type="Area3D" parent="." groups=["Hallway"]]
transform = Transform3D(0.7071067, 0, -0.7071067, 0, 1, 0, 0.7071067, 0, 0.7071067, 8.80093, 0, -2.655516)
script = ExtResource("6_tk5m8")
hallwayID = 1

[node name="CollisionShape3D" type="CollisionShape3D" parent="Area3D3"]
transform = Transform3D(1, 0, 0, 0, 1, 0, 0, 0, 1, 0.39395, 2.5935059, -6.6254873)
shape = SubResource("BoxShape3D_tk5m8")

[node name="Area3D2" type="Area3D" parent="." groups=["Hallway"]]
transform = Transform3D(0.99999994, 0, 0, 0, 1, 0, 0, 0, 0.99999994, -0.35139656, 0, -5.9799914)
script = ExtResource("6_tk5m8")
hallwayID = 2

[node name="CollisionShape3D" type="CollisionShape3D" parent="Area3D2"]
transform = Transform3D(0.9999754, 0, 0, 0, 1, 0, 0, 0, 0.9999754, 0.48225856, 2.5935059, -10.071344)
shape = SubResource("BoxShape3D_k5nrd")
