[gd_scene load_steps=14 format=3 uid="uid://dd147onvpx8hs"]

[ext_resource type="PackedScene" uid="uid://c8856y456xj6i" path="res://Objects/Gameplay/Player.tscn" id="1_inlal"]
[ext_resource type="Script" uid="uid://d24s1gtlcr10k" path="res://Rooms/gameplay.gd" id="1_vrd06"]
[ext_resource type="PackedScene" uid="uid://c6g6ekq7skhxh" path="res://Rooms/Map.tscn" id="3_4w8ll"]
[ext_resource type="PackedScene" uid="uid://cbhs7vlfnewsd" path="res://Objects/Gameplay/CharacterPosition.tscn" id="3_blq5q"]
[ext_resource type="PackedScene" uid="uid://bih4hs3qjmnq7" path="res://Objects/Gameplay/Characters/Sleepy/Sleepy.tscn" id="6_52vuk"]
[ext_resource type="Script" uid="uid://cmed23elrd3w2" path="res://Rooms/hallway.gd" id="6_tk5m8"]
[ext_resource type="Texture2D" uid="uid://dxwg5x3vs0ekm" path="res://Assets/DECOR/AAANNIE.png" id="7_tk5m8"]
[ext_resource type="Texture2D" uid="uid://cp8tixldxit6w" path="res://Assets/DECOR/yaleokre.png" id="8_k5nrd"]
[ext_resource type="Texture2D" uid="uid://cur2shk1n34hl" path="res://Assets/DECOR/WEB.png" id="9_60v3t"]
[ext_resource type="Texture2D" uid="uid://cup566plbjqqm" path="res://Assets/DECOR/Spider.png" id="10_rmay0"]

[sub_resource type="BoxShape3D" id="BoxShape3D_52vuk"]
size = Vector3(9.055527, 6.9594727, 15.804199)

[sub_resource type="BoxShape3D" id="BoxShape3D_tk5m8"]
size = Vector3(9.055527, 6.9594727, 15.296875)

[sub_resource type="BoxShape3D" id="BoxShape3D_k5nrd"]
size = Vector3(9.055527, 6.9594727, 21.805298)

[node name="Gameplay" type="Node3D" groups=["Gameplay"]]
script = ExtResource("1_vrd06")

[node name="Player" parent="." instance=ExtResource("1_inlal")]
transform = Transform3D(1, 0, 0, 0, 1, 0, 0, 0, 1, 0, 3, 5)

[node name="LIGHTS_SECURITY" type="OmniLight3D" parent="."]
transform = Transform3D(1, 0, 0, 0, 1, 0, 0, 0, 1, 0, 7, 1)
omni_range = 15.0

[node name="Cameras" type="SubViewport" parent="." groups=["Cameras"]]
own_world_3d = true
size = Vector2i(1920, 1080)

[node name="1_CENTRE" type="Camera3D" parent="Cameras"]
transform = Transform3D(-0.17651677, 0.25000006, -0.9520199, -0.022557588, 0.9659258, 0.25783423, 0.9840391, 0.066987336, -0.1648627, -23.614544, 5.9, -33.27394)

[node name="2_LEFT" type="Camera3D" parent="Cameras"]
transform = Transform3D(0.5297313, -0.53943944, 0.6545151, 0.15999638, 0.82138336, 0.5474765, -0.8329382, -0.18529533, 0.52142084, -17.121151, 6.3, -15.271976)

[node name="3_RIGHT" type="Camera3D" parent="Cameras"]
transform = Transform3D(0.6622824, -0.3849314, 0.64281404, -0.07939508, 0.8170534, 0.5710694, -0.7450359, -0.4292455, 0.5105584, 29.86132, 6.2999997, -13.2719755)

[node name="4_VENTS" type="Camera3D" parent="Cameras"]
transform = Transform3D(0.81979895, 0.036833666, -0.57146573, 0.21351548, 0.9063078, 0.36471546, 0.53135765, -0.4210101, 0.7351256, -38.649582, 4.8, 21.46225)

[node name="5_ENTERTAINMENT" type="Camera3D" parent="Cameras"]
transform = Transform3D(0.4225012, -0.41804215, 0.80419743, 0.03812411, 0.89469177, 0.44505417, -0.90556026, -0.1573766, 0.3939458, 4.250416, 6, -47.24917)

[node name="6_REPAIRS" type="Camera3D" parent="Cameras"]
transform = Transform3D(0.06600918, -0.2578342, 0.9639317, -0.0056821946, 0.9659258, 0.2587567, -0.99780285, -0.022557564, 0.062294904, 39.17832, 5, -59.24917)

[node name="LIGHTS_LEFT" type="OmniLight3D" parent="Cameras"]
transform = Transform3D(1, 0, 0, 0, 1, 0, 0, 0, 1, -24, 6, -19)
omni_range = 15.0

[node name="LIGHTS_RIGHT" type="OmniLight3D" parent="Cameras"]
transform = Transform3D(1, 0, 0, 0, 1, 0, 0, 0, 1, 24, 6, -19)
omni_range = 15.0

[node name="LIGHTS_CENTRE" type="OmniLight3D" parent="Cameras"]
transform = Transform3D(1, 0, 0, 0, 1, 0, 0, 0, 1, 11, 6, -34)
omni_range = 51.0

[node name="LIGHTS_CENTRE2" type="OmniLight3D" parent="Cameras"]
transform = Transform3D(1, 0, 0, 0, 1, 0, 0, 0, 1, -11, 6, -34)
omni_range = 51.0

[node name="LIGHTS_VENTS" type="OmniLight3D" parent="Cameras"]
transform = Transform3D(1, 0, 0, 0, 1, 0, 0, 0, 1, -38, 4, 21)
light_energy = 2.0
omni_range = 41.0

[node name="LIGHTS_ENTER_STAND" type="OmniLight3D" parent="Cameras"]
transform = Transform3D(1, 0, 0, 0, 1, 0, 0, 0, 1, -16, 4, -57)
light_color = Color(1, 0.94133335, 0.78, 1)
light_energy = 2.0
omni_range = 60.0

[node name="LIGHTS_ENTER_STAND2" type="OmniLight3D" parent="Cameras"]
transform = Transform3D(1, 0, 0, 0, 1, 0, 0, 0, 1, -9, 4, -57)
light_color = Color(1, 0.94133335, 0.78, 1)
light_energy = 2.0
omni_range = 60.0

[node name="LIGHTS_REPAIR" type="OmniLight3D" parent="Cameras"]
transform = Transform3D(1, 0, 0, 0, 1, 0, 0, 0, 1, 30, 6, -60)
omni_range = 18.0

[node name="map" parent="Cameras" instance=ExtResource("3_4w8ll")]

[node name="CSGCombiner3D" parent="." instance=ExtResource("3_4w8ll")]

[node name="SleepyPositions" type="Node3D" parent="."]

[node name="CharacterPosition" parent="SleepyPositions" instance=ExtResource("3_blq5q")]
transform = Transform3D(0.70710677, 0, 0.70710677, 0, 1, 0, -0.70710677, 0, 0.70710677, 26, 2, -65)

[node name="CharacterPosition2" parent="SleepyPositions" instance=ExtResource("3_blq5q")]
transform = Transform3D(0.8660254, 0, -0.5, 0, 1, 0, 0.5, 0, 0.8660254, 22, 2, -20)
id = 1

[node name="CharacterPosition3" parent="SleepyPositions" instance=ExtResource("3_blq5q")]
transform = Transform3D(0.25881907, 0, -0.9659258, 0, 1, 0, 0.9659258, 0, 0.25881907, 6, 2, -35)
id = 2

[node name="CharacterPosition7" parent="SleepyPositions" instance=ExtResource("3_blq5q")]
transform = Transform3D(0.8660254, 0, 0.5, 0, 1, 0, -0.5, 0, 0.8660254, -23, 2, -18)
id = 3

[node name="CharacterPosition4" parent="SleepyPositions" instance=ExtResource("3_blq5q")]
transform = Transform3D(1, 0, 0, 0, 1, 0, 0, 0, 1, 0, 2, -9)
id = 4

[node name="CharacterPosition5" parent="SleepyPositions" instance=ExtResource("3_blq5q")]
transform = Transform3D(0.49999997, 0, -0.86602545, 0, 1, 0, 0.86602545, 0, 0.49999997, 9, 2, -4.4)
id = 5

[node name="CharacterPosition6" parent="SleepyPositions" instance=ExtResource("3_blq5q")]
transform = Transform3D(0.25881907, 0, 0.9659258, 0, 1, 0, -0.9659258, 0, 0.25881907, -9, 2, -4.1)
id = 6

[node name="Characters" type="Node3D" parent="."]

[node name="Sleepy" parent="Characters" instance=ExtResource("6_52vuk")]

[node name="Area3D" type="Area3D" parent="." groups=["Hallway"]]
transform = Transform3D(0.70710677, 0, 0.70710677, 0, 1, 0, -0.70710677, 0, 0.70710677, -8, 0, -2.655516)
script = ExtResource("6_tk5m8")

[node name="CollisionShape3D" type="CollisionShape3D" parent="Area3D"]
transform = Transform3D(1, 0, 0, 0, 1, 0, 0, 0, 1, 0.39395118, 2.5935059, -7.4020996)
shape = SubResource("BoxShape3D_52vuk")

[node name="Area3D3" type="Area3D" parent="." groups=["Hallway"]]
transform = Transform3D(0.7071067, 0, -0.7071067, 0, 1, 0, 0.7071067, 0, 0.7071067, 8.80093, 0, -2.655516)
script = ExtResource("6_tk5m8")
hallwayID = 1

[node name="CollisionShape3D" type="CollisionShape3D" parent="Area3D3"]
transform = Transform3D(1, 0, 0, 0, 1, 0, 0, 0, 1, 0.39395, 2.5935059, -6.6254873)
shape = SubResource("BoxShape3D_tk5m8")

[node name="Area3D2" type="Area3D" parent="." groups=["Hallway"]]
transform = Transform3D(0.99999994, 0, 0, 0, 1, 0, 0, 0, 0.99999994, -0.35139656, 0, -5.9799914)
script = ExtResource("6_tk5m8")
hallwayID = 2

[node name="CollisionShape3D" type="CollisionShape3D" parent="Area3D2"]
transform = Transform3D(0.9999754, 0, 0, 0, 1, 0, 0, 0, 0.9999754, 0.48225856, 2.5935059, -10.071344)
shape = SubResource("BoxShape3D_k5nrd")

[node name="Sprite3D" type="Sprite3D" parent="."]
transform = Transform3D(1, 0, 0, 0, 1, 0, 0, 0, 1, -1.6, 1.9, 2.5)
billboard = 1
shaded = true
texture = ExtResource("7_tk5m8")

[node name="Sprite3D2" type="Sprite3D" parent="."]
transform = Transform3D(0, 0, 1, 0, 0.65, 0, -0.64000005, 0, 0, -9.4, 3.2999997, 2.3)
shaded = true
texture = ExtResource("8_k5nrd")

[node name="Sprite3D3" type="Sprite3D" parent="."]
transform = Transform3D(1.2452438, 0.21788937, 2.1568246, -0.10894464, 2.4904869, -0.18869773, -2.1650634, 5.5879354e-08, 1.2500002, -8.6, 6.999999, -0.5)
modulate = Color(1, 1, 1, 0.22745098)
shaded = true
texture = ExtResource("9_60v3t")

[node name="Sprite3D4" type="Sprite3D" parent="."]
transform = Transform3D(-0.6504107, 0.15407111, 2.408989, -0.10894465, 2.490487, -0.18869774, -2.4114516, -0.15407102, -0.64122164, 9.199999, 7.299999, 0.3)
modulate = Color(1, 1, 1, 0.22745098)
shaded = true
texture = ExtResource("9_60v3t")

[node name="Sprite3D5" type="Sprite3D" parent="."]
transform = Transform3D(2.7834249, 0.49267945, -1.0048951, 0.43626437, 2.0029528, 2.1904006, 1.0306408, -2.178405, 1.78671, -2.1000013, 7.0999994, 7.6000004)
shaded = true
texture = ExtResource("9_60v3t")

[node name="Sprite3D6" type="Sprite3D" parent="."]
transform = Transform3D(2.7834249, 0.49267945, -1.0048951, 0.43626437, 2.0029528, 2.1904006, 1.0306408, -2.178405, 1.78671, -2.1000013, 6.6999993, 7.6000004)
billboard = 1
shaded = true
texture = ExtResource("10_rmay0")
