[gd_scene load_steps=16 format=3 uid="uid://dd147onvpx8hs"]

[ext_resource type="PackedScene" uid="uid://c8856y456xj6i" path="res://Objects/Gameplay/Player.tscn" id="1_inlal"]
[ext_resource type="Script" uid="uid://d24s1gtlcr10k" path="res://Rooms/gameplay.gd" id="1_vrd06"]
[ext_resource type="PackedScene" uid="uid://c6g6ekq7skhxh" path="res://Rooms/Map.tscn" id="3_4w8ll"]
[ext_resource type="PackedScene" uid="uid://cbhs7vlfnewsd" path="res://Objects/Gameplay/CharacterPosition.tscn" id="3_blq5q"]
[ext_resource type="PackedScene" uid="uid://cijl1rchtpts" path="res://Objects/Gameplay/Characters/Pomni/Pomni.tscn" id="3_k5nrd"]
[ext_resource type="PackedScene" uid="uid://bih4hs3qjmnq7" path="res://Objects/Gameplay/Characters/Sleepy/Sleepy.tscn" id="6_52vuk"]
[ext_resource type="PackedScene" uid="uid://bgfbjixt63hhq" path="res://Objects/Gameplay/Characters/Prototype/Prototype.tscn" id="6_k5nrd"]
[ext_resource type="Script" uid="uid://cmed23elrd3w2" path="res://Rooms/hallway.gd" id="6_tk5m8"]
[ext_resource type="PackedScene" uid="uid://b074annqk8inb" path="res://Objects/Gameplay/Characters/Puggo/Puggo.tscn" id="8_60v3t"]
[ext_resource type="PackedScene" uid="uid://bb8f4hatlsgr" path="res://Objects/Gameplay/Characters/Pursuer/Pursuer.tscn" id="9_rmay0"]

[sub_resource type="BoxShape3D" id="BoxShape3D_52vuk"]
size = Vector3(3.998806, 6.9594727, 15.804199)

[sub_resource type="BoxShape3D" id="BoxShape3D_tk5m8"]
size = Vector3(9.055527, 6.9594727, 15.296875)

[sub_resource type="BoxShape3D" id="BoxShape3D_k5nrd"]
size = Vector3(8.754326, 6.9594727, 21.805298)

[sub_resource type="BoxShape3D" id="BoxShape3D_60v3t"]
size = Vector3(3, 1, 1)

[sub_resource type="StandardMaterial3D" id="StandardMaterial3D_60v3t"]
disable_ambient_light = true
albedo_color = Color(0, 0, 0, 1)
disable_receive_shadows = true

[node name="Gameplay" type="Node3D" groups=["Gameplay"]]
script = ExtResource("1_vrd06")

[node name="Player" parent="." instance=ExtResource("1_inlal")]
transform = Transform3D(1, 0, 0, 0, 1, 0, 0, 0, 1, 0, 3, 5)

[node name="LIGHTS_SECURITY" type="SpotLight3D" parent="."]
transform = Transform3D(1, 0, 0, 0, 0.38973472, 0.920927, 0, -0.920927, 0.38973472, 0, 7.668746, 5.5370474)
light_color = Color(1, 0.80266666, 0.63, 1)
light_energy = 2.0
shadow_enabled = true
spot_range = 20.0
spot_attenuation = 0.65
spot_angle = 66.81

[node name="LIGHTS_SECURITY2" type="OmniLight3D" parent="."]
transform = Transform3D(1, 0, 0, 0, 1, 0, 0, 0, 1, 0, 6.668746, 0.5370474)
light_color = Color(1, 0.80266666, 0.63, 1)
light_energy = 0.5
shadow_enabled = true
omni_range = 17.0
omni_attenuation = 0.769

[node name="Cameras" type="SubViewport" parent="."]
own_world_3d = true
size = Vector2i(1920, 1080)

[node name="Cams" type="Node3D" parent="Cameras" groups=["Cameras"]]

[node name="1_CENTRE" type="Camera3D" parent="Cameras/Cams"]
transform = Transform3D(-0.8067072, 0.496109, -0.32109103, 0.14224434, 0.69038457, 0.70932066, 0.5735766, 0.5265407, -0.62750685, -11.614543, 7.0000005, -40.07394)
fov = 99.8

[node name="2_LEFT" type="Camera3D" parent="Cameras/Cams"]
transform = Transform3D(0.8660254, -0.25000003, 0.43301266, -0.12940952, 0.7244444, 0.6770772, -0.4829629, -0.64240205, 0.59503484, -20.92115, 6.3, -12.971977)
fov = 108.8

[node name="3_RIGHT" type="Camera3D" parent="Cameras/Cams"]
transform = Transform3D(0.6622824, -0.3849314, 0.64281404, -0.07939508, 0.8170534, 0.5710694, -0.7450359, -0.4292455, 0.5105584, 29.86132, 6.2999997, -13.2719755)

[node name="4_VENTS" type="Camera3D" parent="Cameras/Cams"]
transform = Transform3D(0.81979895, 0.036833666, -0.57146573, 0.21351548, 0.9063078, 0.36471546, 0.53135765, -0.4210101, 0.7351256, -38.649582, 4.8, 21.46225)

[node name="5_ENTERTAINMENT" type="Camera3D" parent="Cameras/Cams"]
transform = Transform3D(0.4225012, -0.41804215, 0.80419743, 0.03812411, 0.89469177, 0.44505417, -0.90556026, -0.1573766, 0.3939458, 4.250416, 6, -47.24917)
fov = 105.8

[node name="6_REPAIRS" type="Camera3D" parent="Cameras/Cams"]
transform = Transform3D(-0.6588776, -0.1982669, 0.72565186, -0.005682181, 0.9659259, 0.25875667, -0.7522288, 0.1663657, -0.63755345, 38.17832, 6, -66.24917)
fov = 87.9

[node name="7_POMNI" type="Camera3D" parent="Cameras/Cams"]
transform = Transform3D(0.63495624, 0.44151112, -0.6339546, 0.024670124, 0.8085957, 0.5878472, 0.77215403, -0.38889706, 0.5025308, 49.17832, 7, -57.24917)
fov = 87.9

[node name="map" parent="Cameras" instance=ExtResource("3_4w8ll")]

[node name="LIGHTS_LEFT" type="OmniLight3D" parent="Cameras"]
transform = Transform3D(1, 0, 0, 0, 1, 0, 0, 0, 1, -24, 6, -19)
light_color = Color(1, 0.8986667, 0.81, 1)
light_energy = 3.0
omni_range = 15.0

[node name="LIGHTS_RIGHT" type="OmniLight3D" parent="Cameras"]
transform = Transform3D(1, 0, 0, 0, 1, 0, 0, 0, 1, 24, 6, -19)
light_color = Color(1, 0.8986667, 0.81, 1)
light_energy = 3.0
omni_range = 15.0

[node name="LIGHTS_CENTRE" type="OmniLight3D" parent="Cameras"]
transform = Transform3D(1, 0, 0, 0, 1, 0, 0, 0, 1, 11, 6, -34)
light_color = Color(1, 0.8986667, 0.81, 1)
light_energy = 3.0
omni_range = 51.0

[node name="LIGHTS_CENTRE2" type="OmniLight3D" parent="Cameras"]
transform = Transform3D(1, 0, 0, 0, 1, 0, 0, 0, 1, -11, 6, -34)
light_color = Color(1, 0.8986667, 0.81, 1)
light_energy = 3.0
omni_range = 51.0

[node name="LIGHTS_VENTS" type="OmniLight3D" parent="Cameras"]
transform = Transform3D(1, 0, 0, 0, 1, 0, 0, 0, 1, -38, 4, 21)
light_color = Color(1, 0.8986667, 0.81, 1)
light_energy = 3.0
omni_range = 41.0

[node name="LIGHTS_ENTER_STAND" type="OmniLight3D" parent="Cameras"]
transform = Transform3D(1, 0, 0, 0, 1, 0, 0, 0, 1, -16, 4, -57)
light_color = Color(1, 0.8986667, 0.81, 1)
light_energy = 3.0
omni_range = 60.0

[node name="LIGHTS_ENTER_STAND2" type="OmniLight3D" parent="Cameras"]
transform = Transform3D(1, 0, 0, 0, 1, 0, 0, 0, 1, -9, 4, -57)
light_color = Color(1, 0.8986667, 0.81, 1)
light_energy = 3.0
omni_range = 60.0

[node name="LIGHTS_REPAIR" type="OmniLight3D" parent="Cameras"]
transform = Transform3D(1, 0, 0, 0, 1, 0, 0, 0, 1, 34, 5, -62)
light_color = Color(1, 0.8986667, 0.81, 1)
light_energy = 3.0
omni_range = 18.0

[node name="LIGHTS_POMNIROOM" type="OmniLight3D" parent="Cameras"]
transform = Transform3D(1, 0, 0, 0, 1, 0, 0, 0, 1, 57.5, 4, -60)
light_color = Color(1, 0.8986667, 0.81, 1)
light_energy = 3.0
omni_range = 17.0

[node name="Pomni" parent="Cameras" instance=ExtResource("3_k5nrd")]
transform = Transform3D(1, 0, 0, 0, 1, 0, 0, 0, 1, 55, 2.2932866, -62)

[node name="CSGCombiner3D" parent="." instance=ExtResource("3_4w8ll")]

[node name="SleepyPositions" type="Node3D" parent="."]

[node name="CharacterPosition" parent="SleepyPositions" instance=ExtResource("3_blq5q")]
transform = Transform3D(0.70710677, 0, 0.70710677, 0, 1, 0, -0.70710677, 0, 0.70710677, 37, 3, -57)

[node name="CharacterPosition2" parent="SleepyPositions" instance=ExtResource("3_blq5q")]
transform = Transform3D(0.8660254, 0, -0.5, 0, 1, 0, 0.5, 0, 0.8660254, 22, 3, -24)
id = 1

[node name="CharacterPosition3" parent="SleepyPositions" instance=ExtResource("3_blq5q")]
transform = Transform3D(0.25881907, 0, -0.9659258, 0, 1, 0, 0.9659258, 0, 0.25881907, 6, 3, -35)
id = 2

[node name="CharacterPosition7" parent="SleepyPositions" instance=ExtResource("3_blq5q")]
transform = Transform3D(0.8660254, 0, 0.5, 0, 1, 0, -0.5, 0, 0.8660254, -31, 3, -18)
id = 3

[node name="CharacterPosition4" parent="SleepyPositions" instance=ExtResource("3_blq5q")]
transform = Transform3D(1, 0, 0, 0, 1, 0, 0, 0, 1, 0, 3, -12)
id = 4

[node name="CharacterPosition5" parent="SleepyPositions" instance=ExtResource("3_blq5q")]
transform = Transform3D(0.49999997, 0, -0.86602545, 0, 1, 0, 0.86602545, 0, 0.49999997, 16, 3, -11.4)
id = 5

[node name="CharacterPosition6" parent="SleepyPositions" instance=ExtResource("3_blq5q")]
transform = Transform3D(0.25881907, 0, 0.9659258, 0, 1, 0, -0.9659258, 0, 0.25881907, -13, 3, -8.1)
id = 6

[node name="PuggoPositions" type="Node3D" parent="."]

[node name="CharacterPosition" parent="PuggoPositions" instance=ExtResource("3_blq5q")]
transform = Transform3D(-0.7071066, 0, -0.70710665, 0, 1, 0, 0.70710665, 0, -0.7071066, -17, 0.9011705, -56.7733)
character = 3

[node name="CharacterPosition2" parent="PuggoPositions" instance=ExtResource("3_blq5q")]
transform = Transform3D(0.49999997, 0, 0.8660253, 0, 1, 0, -0.8660253, 0, 0.49999997, 0, 0, -48)
character = 3
id = 1

[node name="CharacterPosition3" parent="PuggoPositions" instance=ExtResource("3_blq5q")]
transform = Transform3D(0.70710677, 0, 0.70710677, 0, 1, 0, -0.70710677, 0, 0.70710677, -3, 0, -37)
character = 3
id = 2

[node name="CharacterPosition4" parent="PuggoPositions" instance=ExtResource("3_blq5q")]
transform = Transform3D(0.70710677, 0, 0.70710677, 0, 1, 0, -0.70710677, 0, 0.70710677, 0, 0, -29)
character = 3
id = 3

[node name="CharacterPosition5" parent="PuggoPositions" instance=ExtResource("3_blq5q")]
transform = Transform3D(0.70710677, 0, 0.70710677, 0, 1, 0, -0.70710677, 0, 0.70710677, 0, 0, -24)
character = 3
id = 4

[node name="CharacterPosition6" parent="PuggoPositions" instance=ExtResource("3_blq5q")]
transform = Transform3D(0.70710677, 0, 0.70710677, 0, 1, 0, -0.70710677, 0, 0.70710677, 0, 0, -9)
character = 3
id = 5

[node name="PursuerPositions" type="Node3D" parent="."]

[node name="CharacterPosition" parent="PursuerPositions" instance=ExtResource("3_blq5q")]
transform = Transform3D(-0.7071066, 0, -0.70710665, 0, 1, 0, 0.70710665, 0, -0.7071066, -7.0753145, 0.8730928, -55.755516)
character = 4

[node name="CharacterPosition2" parent="PursuerPositions" instance=ExtResource("3_blq5q")]
transform = Transform3D(-0.7071066, 0, -0.70710665, 0, 1, 0, 0.70710665, 0, -0.7071066, -0.5994415, 0.19191563, -48.309532)
character = 4
id = 1

[node name="CharacterPosition3" parent="PursuerPositions" instance=ExtResource("3_blq5q")]
transform = Transform3D(-0.7071066, 0, -0.70710665, 0, 1, 0, 0.70710665, 0, -0.7071066, -0.5994415, 0.19191563, -39.7721)
character = 4
id = 2

[node name="CharacterPosition4" parent="PursuerPositions" instance=ExtResource("3_blq5q")]
transform = Transform3D(-0.7071066, 0, -0.70710665, 0, 1, 0, 0.70710665, 0, -0.7071066, 15.502951, 0.19191563, -30.997599)
character = 4
id = 3

[node name="CharacterPosition5" parent="PursuerPositions" instance=ExtResource("3_blq5q")]
transform = Transform3D(-0.7071066, 0, -0.70710665, 0, 1, 0, 0.70710665, 0, -0.7071066, -21.425783, 0.19191563, -30.997599)
character = 4
id = 4

[node name="CharacterPosition6" parent="PursuerPositions" instance=ExtResource("3_blq5q")]
transform = Transform3D(-0.7071066, 0, -0.70710665, 0, 1, 0, 0.70710665, 0, -0.7071066, -9.9543295, 0.19191563, -5.532538)
character = 4
id = 5

[node name="CharacterPosition7" parent="PursuerPositions" instance=ExtResource("3_blq5q")]
transform = Transform3D(-0.7071066, 0, -0.70710665, 0, 1, 0, 0.70710665, 0, -0.7071066, 9.13019, 0.19191563, -5.532538)
character = 4
id = 6

[node name="Characters" type="Node3D" parent="."]

[node name="Sleepy" parent="Characters" instance=ExtResource("6_52vuk")]

[node name="Prototype" parent="Characters" instance=ExtResource("6_k5nrd")]

[node name="Puggo" parent="Characters" instance=ExtResource("8_60v3t")]

[node name="Pursuer" parent="Characters" instance=ExtResource("9_rmay0")]

[node name="Area3D" type="Area3D" parent="." groups=["Hallway"]]
transform = Transform3D(0.70710677, 0, 0.70710677, 0, 1, 0, -0.70710677, 0, 0.70710677, -8, 0, -2.655516)
script = ExtResource("6_tk5m8")

[node name="CollisionShape3D" type="CollisionShape3D" parent="Area3D"]
transform = Transform3D(1, 0, 0, 0, 1, 0, 0, 0, 1, 0.36439633, 2.5935059, -7.4021034)
shape = SubResource("BoxShape3D_52vuk")

[node name="Area3D3" type="Area3D" parent="." groups=["Hallway"]]
transform = Transform3D(0.7071067, 0, -0.7071067, 0, 1, 0, 0.7071067, 0, 0.7071067, 8.80093, 0, -2.655516)
script = ExtResource("6_tk5m8")
hallwayID = 1

[node name="CollisionShape3D" type="CollisionShape3D" parent="Area3D3"]
transform = Transform3D(1, 0, 0, 0, 1, 0, 0, 0, 1, 0.39395, 2.5935059, -6.6254873)
shape = SubResource("BoxShape3D_tk5m8")

[node name="Area3D2" type="Area3D" parent="." groups=["Hallway"]]
transform = Transform3D(0.99999994, 0, 0, 0, 1, 0, 0, 0, 0.99999994, -0.35139656, 0, -5.9799914)
script = ExtResource("6_tk5m8")
hallwayID = 2

[node name="CollisionShape3D" type="CollisionShape3D" parent="Area3D2"]
transform = Transform3D(0.99996954, 0, 0, 0, 1, 0, 0, 0, 0.99996954, 0.6328552, 2.5935059, -10.071341)
shape = SubResource("BoxShape3D_k5nrd")

[node name="Area3D4" type="Area3D" parent="." groups=["AmmoBox"]]
transform = Transform3D(0.99999994, 0, 0, 0, 1, 0, 0, 0, 0.99999994, -0.35139656, 0, -0.97999144)

[node name="CollisionShape3D" type="CollisionShape3D" parent="Area3D4"]
transform = Transform3D(0.99994415, 0, 0, 0, 1, 0, 0, 0, 0.99994415, 2.5100236, 1.6137695, 8.330947)
shape = SubResource("BoxShape3D_60v3t")

[node name="CSGBox3D" type="CSGBox3D" parent="Area3D4/CollisionShape3D"]
size = Vector3(3, 1, 1)

[node name="SHADOW" type="CSGBox3D" parent="."]
transform = Transform3D(-2.9802322e-08, 0, -0.49999997, 0, 0.5, 0, 0.49999997, 0, -2.9802322e-08, 1.296401e-06, 3, -26)
cast_shadow = 0
size = Vector3(2, 12, 16)
material = SubResource("StandardMaterial3D_60v3t")

[node name="SHADOW2" type="CSGBox3D" parent="."]
transform = Transform3D(-0.35355335, 0, -0.3535533, 0, 0.5, 0, 0.3535533, 0, -0.35355335, 18.000002, 3, -14)
cast_shadow = 0
size = Vector3(2, 12, 16)
material = SubResource("StandardMaterial3D_60v3t")

[node name="SHADOW3" type="CSGBox3D" parent="."]
transform = Transform3D(0.35355332, 0, -0.35355332, 0, 0.5, 0, 0.35355332, 0, 0.35355332, -17.999998, 3, -14)
cast_shadow = 0
size = Vector3(2, 12, 16)
material = SubResource("StandardMaterial3D_60v3t")
